0 1.000000e+00 5.572874e-01 4.991959e-01 2.220408e-01 
1 2.220408e-01 1.669543e-01 1.251104e-01 7.067798e-02 
2 7.067798e-02 5.840748e-02 4.212985e-02 2.511018e-02 
3 2.511018e-02 2.165478e-02 1.547755e-02 9.387429e-03 
4 9.387429e-03 8.292532e-03 5.902284e-03 3.609672e-03 
5 3.609672e-03 3.239774e-03 2.299975e-03 1.413176e-03 
6 1.413176e-03 1.283080e-03 9.093110e-04 5.602956e-04 
7 5.602956e-04 5.132302e-04 3.632873e-04 2.242531e-04 
8 2.242531e-04 2.068622e-04 1.463006e-04 9.041533e-05 
9 9.041533e-05 8.388248e-05 5.928752e-05 3.666828e-05 
10 3.666828e-05 3.418159e-05 2.414794e-05 1.494257e-05 
11 1.494257e-05 1.398568e-05 9.876812e-06 6.113718e-06 
12 6.113718e-06 5.742109e-06 4.054051e-06 2.509971e-06 
13 2.509971e-06 2.364513e-06 1.669083e-06 1.033500e-06 
14 1.033500e-06 9.761699e-07 6.889845e-07 4.266480e-07 
