0 2.014867e-09
1 1.061877e-08 
2 1.382160e-07 
3 2.125570e-06 
4 3.264649e-05 
5 5.482174e-04 
6 9.361626e-03 
7 1.616267e-01 
8 2.811947e+00 
9 4.919593e+01 
10 8.643206e+02 
11 1.523429e+04 
12 2.691954e+05 
13 4.766350e+06 
14 8.452940e+07 
15 1.501077e+09 
16 2.668517e+10 
17 4.748203e+11 
18 8.455068e+12 
19 1.506546e+14 
20 2.685863e+15 
21 4.790573e+16 
22 8.548019e+17 
23 1.525790e+19 
24 2.724306e+20 
25 4.865561e+21 
26 8.691848e+22 
27 1.553037e+24 
28 2.775444e+25 
29 4.960841e+26 
30 8.868356e+27 
31 1.585585e+29 
32 2.835236e+30 
33 5.070344e+31 
34 9.068381e+32 
35 1.622044e+34 
36 2.901569e+35 
37 5.190839e+36 
38 9.286970e+37 
39 1.661652e+39 
40 2.973265e+40 
41 5.320506e+41 
42 9.521298e+42 
43 1.703970e+44 
44 3.049642e+45 
45 5.458278e+46 
46 9.769700e+47 
47 1.748737e+49 
48 3.130291e+50 
49 5.603518e+51 
50 1.003118e+53 
